10

0	30	76	77	105	136	113	119	105	162	
30	0	46	47	75	106	83	122	123	192	
76	46	0	1	29	60	37	76	77	161		
77	47	1	0	28	59	36	75	78	162	
105	75	29	28	0	31	8	47	61	145	
136	106	60	59	31	0	39	78	92	176	
113	83	37	36	8	39	0	39	53	137	
119	122	76	75	47	78	39	0	14	98	
105	123	77	78	61	92	53	14	0	84	
162	192	161	162	145	176	137	98	84	0	

0	1	1	0	0	0	0	0	0	0	

0	40	40	0	0	0	0	0	0	0	

1	1	1	1.8538	1.04309	1.30773	1.6951	1	1.81851	1	

9	6	12	1	4	9	20	3	10	6	